687
504
111
791
769
820
248
270
830
589
281
795
267
651
425
607
588
552
795
101
707
587
616
444
576
101
681
219
546
313
101
609
232
295
508
847
656
817
806
251
194
825
171
411
440
328
739
469
202
669
609
592
423
373
520
241
101
737
535
359
810
242
260
514
551
513
101
101
542
389
234
338
278
402
468
176
781
101
593
499
836
107
209
101
440
293
130
601
499
101
822
780
484
166
117
497
235
801
531
232
101
750
505
700
437
315
699
738
101
714
685
707
626
306
130
692
537
726
763
166
570
376
487
597
274
593
289
603
682
583
105
768
680
635
703
659
529
834
694
244
269
814
602
298
349
665
472
101
155
444
396
756
681
667
299
461
182
671
113
415
463
426
101
732
138
565
708
189
697
443
797
811
101
179
494
101
376
835
744
105
523
163
757
721
476
563
691
101
449
142
201
706
623
305
478
656
612
736
143
801
526
760
627
371
752
266
488
801
296
734
743
409
393
521
592
101
567
413
623
800
230
678
302
360
283
554
317
276
352
750
819
101
101
112
522
378
101
666
295
408
397
780
812
495
232
275
701
767
345
741
782
391
595
821
666
101
705
542
366
628
458
386
323
175
258
513
718
536
348
753
687
102
101
667
658
222
841
468
101
847
142
250
384
101
316
206
321
570
481
101
456
577
312
569
650
687
173
830
728
323
136
705
217
240
477
834
841
564
533
558
591
832
286
642
786
491
111
690
500
836
834
773
245
149
631
433
548
742
374
101
580
728
314
265
409
420
154
832
358
451
768
522
133
661
367
101
226
164
488
261
101
105
397
794
195
770
128
350
447
315
594
754
616
419
339
178
416
622
518
377
199
409
444
703
245
101
365
109
320
101
628
355
825
691
102
564
289
760
634
229
159
648
149
424
661
359
535
534
143
101
182
608
513
636
290
199
565
694
319
277
396
120
767
179
374
377
844
198
597
114
101
486
101
810
190
281
237
390
462
144
272
499
143
597
452
105
101
419
155
492
222
562
271
725
666
314
135
676
531
210
398
530
320
750
204
227
395
302
620
141
782
248
850
361
103
677
700
825
808
592
676
266
103
581
775
583
759
749
101
437
416
804
815
701
101
426
784
595
810
221
516
141
386
178
101
221
786
184
431
760
114
101
687
847
331
694
343
333
203
775
103
397
101
558
221
101
330
286
173
584
601
734
181
670
330
650
697
744
669
371
250
152
496
101
101
352
465
843
101
690
101
729
691
502
101
261
587
264
290
144
101
631
310
789
805
812
540
669
194
130
358
101
388
626
101
528
455
731
790
415
734
774
285
652
655
743
516
350
830
256
101
101
488
530
193
851
803
185
101
405
852
830
563
791
753
374
513
676
272
512
757
791
808
778
522
793
730
542
189
214
267
655
755
785
279
521
416
603
555
101
687
162
334
785
281
101
369
277
798
450
475
116
107
672
513
706
163
683
821
820
415
167
628
101
555
636
101
111
627
154
761
571
346
370
564
552
138
500
307
324
494
565
764
778
199
689
256
152
557
101
756
506
340
341
848
658
809
361
835
400
566
624
170
560
363
132
334
727
156
167
241
368
382
289
101
385
593
794
120
752
211
777
410
657
563
598
317
830
101
314
452
842
101
814
119
170
821
114
484
412
207
294
143
266
636
377
525
231
793
330
377
606
101
812
101
559
394
655
686
341
497
166
213
333
817
680
206
296
140
673
218
827
671
428
544
217
101
432
168
440
544
786
566
434
712
656
101
613
263
412
454
785
101
498
101
161
332
101
759
608
663
212
221
101
827
545
525
486
487
607
602
536
335
505
415
101
677
165
768
489
213
491
481
465
151
475
775
553
638
106
574
258
417
321
216
403
744
101
101
511
660
201
101
228
459
323
159
101
642
499
319
784
249
500
647
194
299
677
121
740
101
741
625
434
759
416
840
191
101
198
780
688
210
595
816
396
280
346
224
231
477
513
558
759
101
807
823
242
824
361
573
101
174
101
562
532
204
823
789
743
433
347
682
238
550
144
783
156
178
221
306
101
592
767
262
411
650
395
412
776
407
702
258
813
101
387
358
296
828
298
760
272
336
714
144
234
195
818
622
738
404
451
296
230
197
325
818
271
263
698
568
101
611
817
802
101
679
781
516
531
101
355
181
392
551
613
235
223
191
210
825
491
141
605
589
645
723
364
576
588
602
568
843
162
690
599
496
187
317
137
838
701
685
719
738
454
343
114
267
847
674
237
777
819
101
221
132
131
363
550
132
717
733
522
168
792
852
447
101
245
