316
862
163
345
576
101
678
101
753
771
527
139
424
838
779
101
101
161
245
925
635
258
657
874
938
812
119
493
883
426
286
609
944
909
419
851
362
700
753
129
219
700
835
101
553
909
807
569
941
532
692
911
458
146
101
953
135
235
558
149
101
666
638
329
385
745
155
494
180
808
205
620
499
753
658
244
482
799
101
146
487
838
261
241
439
281
871
375
927
920
814
404
157
783
560
615
101
265
101
869
100
746
562
885
768
212
835
840
299
522
605
148
257
812
665
475
736
757
101
463
670
352
717
269
137
955
316
101
657
490
435
101
883
608
573
202
697
561
316
836
177
881
843
150
911
885
628
101
596
460
207
790
101
939
932
655
296
665
666
114
219
680
857
660
137
944
868
689
913
579
101
332
515
319
423
628
195
793
101
245
634
227
557
784
556
127
946
801
288
753
101
101
329
301
538
559
723
950
531
235
911
908
629
342
464
333
822
354
402
284
752
879
718
683
825
640
849
179
101
493
101
157
435
641
150
306
419
459
899
577
380
475
909
531
150
101
377
937
587
488
327
101
859
377
866
306
353
624
387
604
497
662
133
279
207
118
101
939
101
633
411
105
924
185
219
885
657
696
798
101
101
581
415
101
673
355
520
202
366
592
100
101
464
512
182
340
548
408
124
700
418
652
352
869
556
937
485
948
918
636
753
581
749
355
730
181
332
408
823
789
885
681
670
394
535
426
746
359
720
101
188
169
101
269
465
669
448
101
826
887
543
550
896
923
416
792
101
649
522
496
663
551
659
370
112
598
914
487
441
667
140
458
823
498
369
536
390
508
429
357
603
385
633
753
417
714
265
830
101
409
641
788
333
589
101
551
814
438
813
147
856
724
682
563
333
306
458
529
203
461
646
924
580
902
101
503
649
171
453
765
776
101
889
815
814
138
695
284
175
462
838
906
561
950
873
647
507
181
806
774
275
409
679
762
601
763
142
338
587
659
416
327
930
420
898
706
500
654
185
256
891
460
101
897
456
152
501
152
545
101
604
441
428
101
738
138
286
657
706
935
101
849
352
703
426
578
431
797
488
869
703
918
198
908
654
801
101
587
835
254
470
369
885
302
250
166
314
207
876
115
463
354
211
509
165
299
756
547
321
556
844
414
660
857
625
954
918
746
719
312
438
215
139
101
494
387
568
198
768
111
838
692
800
763
883
832
485
919
878
635
866
506
807
889
674
953
625
327
309
206
196
551
473
434
337
121
607
636
525
101
742
784
951
132
386
599
510
355
227
298
734
101
451
686
139
697
488
431
234
558
269
918
211
361
101
183
411
678
231
859
439
937
134
667
367
645
212
824
314
378
850
587
385
393
879
264
717
277
741
557
497
877
578
764
751
762
184
201
745
773
268
932
268
191
599
898
313
755
544
323
262
425
674
430
295
101
909
159
949
176
358
231
336
821
586
850
353
788
457
889
855
605
400
290
157
929
734
565
618
333
872
780
824
418
528
205
925
102
197
340
598
269
626
140
140
298
663
782
298
231
700
739
483
536
838
438
292
797
747
508
174
319
101
681
342
305
383
115
704
919
696
136
293
140
275
666
945
801
195
649
708
781
938
547
924
281
598
284
101
317
872
881
399
812
646
654
952
849
832
346
713
235
886
625
332
622
942
956
157
386
422
467
565
905
684
452
109
190
635
956
194
378
953
800
613
327
799
712
861
937
188
542
343
479
413
780
659
934
860
101
452
904
117
772
750
225
310
913
870
901
732
678
591
882
253
101
112
827
187
506
739
683
129
423
591
702
331
319
134
687
792
168
409
660
742
679
828
411
803
205
935
454
325
101
116
547
265
175
485
101
906
726
153
131
481
652
179
742
798
940
665
258
951
809
170
259
738
784
696
769
101
488
730
892
473
144
414
638
364
101
745
654
534
121
721
101
699
214
240
101
860
385
472
479
924
700
861
356
216
765
605
525
412
220
314
280
525
882
664
609
158
403
112
323
174
135
239
119
662
518
899
586
314
608
526
707
754
735
542
560
337
892
497
422
932
679
241
691
553
499
904
450
222
572
101
396
713
539
914
287
775
470
869
348
871
456
128
820
404
743
565
423
143
101
491
844
697
694
806
695
327
839
101
485
291
759
271
101
231
832
263
290
442
105
101
543
159
599
113
672
370
170
134
660
101
699
678
172
718
853
601
106
366
838
533
483
451
371
946
127
891
101
728
493
481
751
504
623
754
371
736
707
690
842
351
893
281
501
222
776
430
549
842
327
448
419
425
849
727
472
257
148
336
401
110
118
214
800
275
162
939
387
718
952
168
716
167
416
747
736
396
430
919
796
688
315
197
912
328
342
881
880
933
101
896
276
730
342
345
956
374
940
498
775
218
237
463
800
889
101
145
443
440
615
101
815
183
167
834
162
516
503
463
268
571
567
521
123
316
226
510
469
906
936
267
557
343
279
236
296
738
836
218
298
135
250
743
391
665
312
672
814
101
142
925
210
651
572
598
460
708
275
762
101
200
576
101
101
103
744
622
283
752
369
310
207
752
756
155
615
764
943
107
328
101
221
580
192
101
824
124
101
131
680
520
542
647
889
542
642
101
101
761
242
727
518
445
823
688
249
232
232
101
747
355
657
132
656
881
264
861
739
283
688
510
716
510
510
887
101
676
388
810
326
101
357
101
772
934
680
574
918
101
545
126
491
570
576
590
115
917
222
447
873
935
453
208
216
324
139
265
277
101
650
364
952
550
348
489
427
362
949
301
902
643
376
402
373
753
263
320
680
456
865
537
101
103
727
879
362
830
337
731
295
595
230
638
460
556
389
248
101
286
253
891
284
136
505
584
368
253
574
943
708
449
870
711
365
174
747
668
101
339
383
654
802
848
752
807
893
183
402
838
332
906
819
132
833
195
949
608
816
214
685
856
881
101
362
482
720
452
616
597
955
254
404
887
122
101
268
306
596
891
511
567
406
674
101
468
428
931
308
815
455
692
604
642
304
434
101
685
639
117
855
101
450
772
380
895
213
603
101
189
137
539
798
191
806
759
845
465
665
921
908
499
245
782
199
371
240
289
869
464
940
493
347
101
950
526
308
656
894
931
430
101
154
710
371
483
353
489
847
393
825
204
287
393
943
829
322
849
678
171
385
101
249
145
101
951
639
144
599
949
769
580
805
101
340
394
360
954
593
430
457
626
385
719
495
760
913
242
454
457
822
391
537
101
101
382
474
429
286
506
851
172
243
228
473
654
520
101
668
663
310
139
882
288
853
516
101
632
635
164
287
556
751
142
105
101
650
820
317
341
103
291
707
641
137
359
880
829
106
502
656
181
451
779
566
743
416
204
917
101
101
824
608
951
520
549
646
398
293
720
869
451
528
245
947
318
533
116
587
206
559
756
101
101
943
566
185
101
860
396
935
793
786
101
718
198
430
544
589
869
797
564
490
923
466
266
176
499
786
101
665
101
682
265
128
595
528
617
467
736
835
304
332
567
210
330
706
781
599
379
655
410
611
155
402
387
388
434
101
784
675
699
152
871
467
115
389
561
524
856
246
803
459
264
155
778
623
381
253
640
758
737
268
143
101
655
554
699
110
413
736
746
881
845
101
600
553
889
246
321
497
781
297
230
595
794
931
358
105
831
444
650
292
236
662
407
403
378
326
844
498
935
765
914
900
436
198
282
101
747
826
207
631
457
927
882
520
101
635
118
267
877
257
317
351
548
828
751
246
101
406
315
792
895
512
284
904
412
905
142
211
206
570
198
635
814
720
317
440
663
289
836
362
722
692
172
645
665
161
163
637
956
259
870
772
224
818
536
125
213
311
748
774
674
316
723
735
485
144
600
543
409
536
656
874
549
798
698
174
640
417
309
131
420
461
204
391
219
178
308
101
102
220
669
449
449
278
925
111
262
756
697
280
346
306
113
860
645
409
565
101
928
498
670
286
625
637
641
558
400
452
802
728
945
163
836
252
193
101
852
201
396
947
201
651
491
328
916
157
839
337
646
908
121
724
390
296
899
406
494
452
233
790
521
306
524
951
813
657
309
624
188
833
898
236
515
256
246
406
338
883
164
946
862
786
302
854
355
173
448
553
449
626
152
102
408
361
254
121
842
821
409
322
907
281
216
103
716
811
926
624
638
857
454
955
101
319
615
191
879
463
393
737
927
779
101
693
897
578
106
573
427
815
854
923
910
191
628
416
123
888
189
925
209
188
920
177
599
101
307
700
542
341
486
205
616
545
695
105
121
425
241
929
847
383
830
311
845
553
911
730
177
101
579
937
693
707
360
635
586
805
162
168
817
568
683
587
767
506
101
754
668
101
101
937
496
713
357
101
101
456
340
877
101
442
718
939
437
101
526
510
652
238
455
408
742
196
174
589
484
669
585
389
853
662
462
614
634
883
671
437
168
925
145
875
932
300
612
291
220
907
465
347
229
286
101
891
161
910
340
184
566
101
514
342
101
101
296
560
272
101
224
894
573
593
577
135
101
626
703
723
880
747
350
241
381
598
479
930
412
502
549
395
177
439
730
148
791
225
160
644
527
132
153
245
622
846
101
601
310
101
236
596
242
716
912
954
422
678
675
248
625
445
649
537
227
535
101
710
345
439
404
776
895
656
742
499
206
110
101
874
855
258
481
507
462
557
332
637
311
381
704
704
724
753
926
321
510
373
132
304
866
595
481
101
375
276
880
849
556
382
200
739
704
157
783
785
798
373
611
115
506
637
769
851
101
625
435
335
767
753
778
101
703
601
346
795
674
633
531
212
660
127
715
376
219
101
393
159
784
746
294
101
199
712
578
891
773
239
195
904
135
362
894
411
101
182
233
703
395
536
662
915
381
354
774
724
240
101
535
195
865
314
385
299
402
324
774
475
594
927
136
262
530
493
935
599
261
734
674
161
555
503
619
595
110
745
597
379
494
840
226
718
486
101
306
162
798
135
894
424
269
101
902
350
101
740
267
189
766
937
883
434
159
135
370
101
643
641
140
124
101
857
649
101
114
393
575
137
517
632
333
101
422
838
335
825
652
479
271
867
643
918
164
282
332
349
194
212
521
263
789
284
101
158
516
372
712
410
148
867
101
306
467
325
374
404
370
693
863
577
279
129
579
177
458
201
356
286
610
314
101
314
795
174
663
894
906
605
676
954
488
579
736
548
533
631
916
931
279
185
345
708
219
923
363
366
813
416
411
932
679
859
154
879
208
538
669
575
154
620
397
607
599
129
493
588
210
604
839
878
327
101
602
601
708
252
336
901
397
101
854
639
246
383
148
566
480
683
645
362
101
361
582
196
625
881
335
101
587
180
166
232
108
317
518
593
613
204
285
351
821
122
797
135
557
769
884
502
605
463
895
657
454
401
807
138
123
101
662
101
734
868
844
462
808
756
435
565
383
716
425
838
374
560
619
354
482
753
344
225
888
641
561
613
101
834
148
794
278
129
669
387
101
772
270
101
307
218
905
101
101
896
762
643
507
796
101
508
374
776
713
300
471
717
658
651
909
400
825
273
788
101
741
364
876
932
762
528
529
467
752
317
336
570
683
914
528
858
397
101
605
660
860
524
639
674
859
589
576
460
101
797
686
630
458
251
152
815
777
495
230
207
913
479
101
220
629
583
847
730
921
160
337
292
155
223
101
197
220
773
489
885
566
499
319
462
530
447
846
494
220
336
101
421
184
872
478
216
304
769
911
896
779
293
218
537
659
624
276
879
901
664
609
795
265
243
780
187
331
817
409
297
446
477
325
691
453
463
613
291
808
152
139
337
665
308
692
687
303
101
711
350
100
433
795
458
365
515
800
879
304
257
757
675
787
881
239
370
134
853
899
162
532
760
940
300
269
442
536
765
166
530
795
503
719
938
554
646
101
380
341
109
883
203
917
464
862
769
661
916
784
357
824
393
529
113
860
916
557
793
250
354
891
542
858
227
101
228
879
367
691
381
724
236
727
101
101
919
342
410
924
130
101
338
395
704
872
246
694
805
739
101
139
439
252
312
321
403
934
459
760
383
671
112
366
268
740
117
839
730
798
381
381
501
722
673
931
368
938
310
790
628
101
223
461
855
205
651
774
793
854
237
403
484
207
655
917
919
913
447
756
528
380
121
216
200
225
101
539
686
853
513
372
388
874
864
896
740
298
250
956
876
815
141
101
691
472
766
680
631
178
453
643
209
752
421
847
101
255
357
917
296
389
733
787
658
563
749
238
140
552
602
296
904
478
162
933
841
313
695
291
164
191
880
254
197
382
601
500
507
552
718
514
882
869
293
662
352
707
153
944
927
886
101
832
418
101
133
767
404
595
688
302
940
100
355
627
167
101
534
472
809
456
633
875
174
829
741
540
267
490
804
101
544
766
103
108
694
519
404
766
383
431
647
844
836
791
507
191
765
499
129
471
101
671
165
260
897
237
532
346
383
610
481
611
784
935
851
101
952
485
889
726
813
134
939
601
397
112
219
364
938
651
901
642
700
623
521
454
528
314
128
791
177
944
797
391
149
752
357
256
332
538
351
860
352
693
671
636
939
361
285
269
126
542
363
138
512
693
210
849
709
816
836
373
101
279
410
941
312
387
720
101
116
531
538
167
720
703
812
123
121
276
905
937
674
196
532
542
421
101
685
162
241
320
196
941
404
906
489
406
791
471
509
535
624
757
378
578
271
932
154
639
694
203
324
496
311
821
937
270
849
210
193
236
340
442
538
537
488
497
238
373
327
126
373
479
190
587
578
228
749
793
751
511
101
103
189
682
579
639
185
308
389
663
800
816
862
110
199
346
862
861
101
946
341
780
564
857
849
118
136
844
397
594
636
489
374
559
955
638
693
206
532
926
216
101
853
112
472
243
697
777
101
278
286
665
299
101
530
249
379
195
472
556
250
319
650
411
486
317
302
193
890
559
662
479
407
566
621
218
737
341
260
546
122
870
229
367
711
571
604
703
294
824
552
819
481
499
398
711
911
531
101
593
447
667
720
905
190
378
768
729
275
849
537
625
915
474
124
794
806
768
211
862
199
729
564
611
682
526
916
471
828
916
675
846
563
669
177
518
276
322
130
930
242
209
592
101
644
475
610
443
139
381
938
429
702
852
271
122
374
909
162
320
803
761
822
766
101
713
556
894
798
535
203
349
790
460
372
513
917
916
563
108
438
875
584
240
101
678
378
101
672
205
770
942
207
162
862
551
651
952
101
119
403
144
605
478
540
132
719
453
133
468
714
270
268
458
391
709
412
341
423
136
634
511
458
895
418
575
356
595
179
851
427
147
202
876
327
246
908
306
823
294
101
327
101
552
112
429
481
517
114
189
608
891
317
233
238
203
848
101
682
602
286
571
238
504
554
724
136
101
487
743
544
885
473
949
131
342
279
674
151
143
515
579
149
679
359
101
842
485
756
671
445
780
194
731
343
560
850
796
584
456
759
862
184
542
854
859
604
566
895
930
246
101
691
101
493
618
872
707
295
689
363
633
364
501
101
562
376
172
463
369
249
238
941
950
492
611
931
321
517
148
274
437
216
251
833
219
438
386
566
315
101
454
352
253
101
879
868
905
101
570
840
501
686
155
461
833
124
157
865
610
101
101
920
597
952
458
298
693
731
751
727
861
236
937
675
941
690
189
800
101
878
831
442
468
499
515
740
623
734
145
617
747
184
404
101
457
457
304
525
740
577
778
177
351
740
308
510
650
237
613
231
888
259
158
101
919
760
809
732
773
276
438
482
933
204
942
608
758
845
144
769
229
851
814
643
830
596
592
307
664
368
417
434
765
290
367
132
776
464
505
101
512
403
739
938
667
726
647
545
806
770
473
551
811
143
166
325
924
434
850
359
600
397
237
680
927
625
299
858
843
564
101
721
217
232
833
872
800
901
705
510
208
117
603
487
864
284
546
656
633
518
782
535
103
798
346
192
522
101
625
101
254
815
378
241
307
512
134
661
261
683
540
914
832
291
355
572
830
101
504
333
810
865
850
237
789
464
922
336
101
206
564
201
540
562
488
465
376
616
243
862
420
514
518
101
678
121
128
544
474
354
274
687
101
673
789
447
101
670
704
563
496
101
381
295
685
684
294
399
402
404
334
210
434
315
248
818
925
315
274
485
101
101
361
176
392
750
198
445
101
946
500
129
662
225
416
581
738
212
621
570
343
450
170
318
219
563
822
943
269
745
704
719
846
727
372
220
593
631
282
322
912
728
454
101
526
615
345
329
106
587
780
180
883
666
582
434
884
819
809
192
577
744
729
104
247
427
847
157
648
548
283
932
907
319
318
701
942
546
518
383
697
890
101
101
712
101
468
757
762
340
807
338
766
553
101
101
191
475
702
762
371
853
612
391
503
222
878
448
878
694
761
407
129
715
330
217
516
504
512
431
936
772
818
757
147
229
924
694
902
650
443
595
291
757
664
101
101
721
101
238
421
744
327
101
889
483
675
607
713
365
645
399
809
751
642
737
156
631
341
408
458
101
101
902
905
101
565
516
702
747
394
883
308
953
858
389
299
155
410
919
361
655
525
934
386
905
494
155
773
940
101
951
143
206
920
579
304
213
373
707
556
697
915
631
768
249
326
873
140
934
611
813
903
112
238
328
934
768
926
397
859
107
225
240
768
632
309
611
353
940
438
800
759
840
488
360
598
110
152
334
782
736
276
301
912
766
314
290
331
545
212
877
587
386
521
385
159
678
323
424
158
851
141
815
383
892
365
678
159
343
543
906
168
101
120
371
301
778
115
472
659
340
285
416
395
920
778
193
112
308
159
933
862
101
564
341
931
746
538
178
919
655
669
183
432
695
131
144
155
454
163
623
314
532
877
700
177
809
776
852
646
324
737
432
496
458
922
351
864
498
927
398
591
598
934
264
872
951
134
740
929
173
101
211
218
542
374
719
549
563
319
747
952
101
289
884
161
214
764
615
549
718
101
841
525
671
847
365
402
376
576
122
888
384
404
109
101
594
597
690
652
101
459
684
573
701
349
569
273
211
571
127
949
169
329
703
397
879
827
773
242
101
782
195
324
924
140
832
475
946
708
660
806
556
333
101
820
877
887
839
724
101
722
533
705
234
833
820
510
451
538
552
356
519
205
265
454
557
858
101
442
413
613
263
777
163
699
849
866
331
288
152
370
200
695
544
843
322
221
314
637
558
229
107
753
414
839
902
702
445
956
590
101
686
880
559
116
113
303
271
549
471
191
363
430
209
358
750
464
914
101
856
946
794
458
274
236
560
611
635
832
457
294
913
361
694
124
561
589
795
810
934
626
397
384
300
731
498
551
348
101
352
101
101
378
509
196
723
946
438
879
279
545
328
438
861
812
456
942
456
506
911
856
414
490
575
408
666
803
259
211
569
480
194
795
868
803
374
712
440
171
622
287
101
223
123
503
101
620
536
359
442
385
545
515
671
739
265
463
849
278
377
199
940
156
625
317
734
316
479
438
289
899
790
875
853
101
941
641
275
342
804
852
718
520
762
440
101
425
739
697
588
452
101
883
400
130
718
241
564
631
510
245
255
394
737
548
583
367
289
196
735
929
353
333
779
634
665
320
550
101
397
727
951
521
307
877
503
856
779
894
874
835
159
619
620
285
700
572
691
195
646
728
876
220
425
856
797
682
230
327
857
404
296
316
905
531
800
641
516
209
306
436
101
624
686
920
596
228
101
359
375
903
681
932
704
775
165
918
448
101
605
101
575
105
654
278
611
850
248
752
163
101
788
686
200
101
248
729
883
135
911
794
480
646
572
122
399
362
932
930
762
633
929
361
391
657
362
847
309
956
322
420
735
101
428
222
400
537
544
491
919
774
729
411
191
208
163
101
160
253
669
599
633
101
939
108
867
955
432
267
368
297
718
847
896
142
183
670
190
295
754
543
101
906
120
112
439
751
126
735
282
793
526
240
101
895
111
260
489
587
272
101
642
315
888
500
105
269
794
266
643
520
953
378
796
202
583
722
126
861
577
511
538
911
612
469
805
318
726
101
427
556
664
574
101
222
167
788
433
572
101
602
101
441
209
911
295
540
676
777
921
302
848
862
719
630
612
283
877
934
101
915
278
530
507
810
105
408
892
874
279
726
427
657
142
109
458
498
517
136
731
101
250
306
418
667
482
109
627
910
261
101
437
897
512
949
259
180
315
530
667
110
343
501
382
307
202
629
441
443
177
853
400
765
249
386
101
189
346
772
399
649
463
925
874
145
525
741
101
843
335
609
571
710
582
537
581
362
160
914
101
559
773
945
137
153
295
940
525
619
156
184
614
115
573
384
245
585
624
815
876
320
464
506
659
478
167
578
261
101
824
234
243
506
818
101
127
633
871
526
330
163
543
116
741
311
945
737
526
470
541
388
288
101
542
556
307
567
457
714
259
371
767
101
508
442
490
728
387
247
259
776
524
524
923
101
799
940
652
864
172
230
101
942
588
231
918
582
648
517
795
101
738
101
827
575
140
101
952
101
152
191
716
441
231
673
496
101
581
784
707
774
643
234
637
236
413
598
886
101
763
927
101
387
101
376
515
253
756
571
211
782
288
524
101
758
829
101
406
602
101
180
125
788
232
624
246
432
507
307
114
396
571
808
452
503
373
730
199
204
689
604
305
783
372
727
279
889
174
421
577
879
797
944
540
101
133
462
885
712
461
101
315
887
260
717
101
419
473
101
749
493
716
444
849
885
636
495
277
101
930
818
488
121
567
101
871
737
577
803
101
319
302
621
666
557
866
570
857
897
927
425
636
366
767
190
207
237
437
762
451
801
629
101
173
387
648
186
553
665
890
605
795
892
474
864
867
156
466
463
111
542
172
453
664
559
565
856
599
140
661
329
647
562
465
787
528
548
783
217
223
682
715
267
756
708
191
379
721
712
769
803
423
510
102
350
602
290
497
160
494
713
811
124
350
897
439
799
150
655
689
642
778
443
535
771
851
265
653
693
880
470
101
813
731
199
781
498
683
953
868
574
169
581
945
299
927
413
290
625
735
101
902
101
831
827
579
286
323
684
163
142
115
378
306
101
421
570
940
347
553
801
462
952
118
479
148
322
706
823
658
916
678
356
147
165
852
119
888
246
343
499
580
105
221
557
473
139
905
301
551
310
297
953
876
415
607
620
792
237
453
297
773
158
931
334
347
850
164
594
676
569
446
101
123
355
101
707
440
301
101
495
866
184
779
535
927
617
531
146
101
297
766
914
101
925
917
267
759
101
623
542
713
647
746
722
287
205
899
737
384
463
615
371
101
576
512
379
519
845
216
503
224
833
617
628
101
645
229
101
663
624
371
388
375
573
684
303
101
797
956
704
439
929
662
585
158
864
154
474
134
745
737
730
634
501
752
258
920
166
549
399
444
101
759
726
486
748
780
220
398
233
262
101
590
432
521
307
458
161
765
430
548
508
705
376
125
312
852
534
837
528
416
349
113
101
560
582
831
796
918
573
101
955
265
836
793
881
101
101
241
367
445
164
922
363
677
793
578
494
616
309
650
897
383
844
850
378
579
534
689
556
714
191
429
712
867
854
400
320
710
291
935
189
450
824
836
296
400
198
534
358
163
538
940
428
101
934
295
171
181
511
504
384
109
585
727
403
474
167
591
922
339
780
129
507
444
397
694
936
911
101
143
248
651
175
453
351
188
758
101
208
511
598
107
760
202
890
776
128
899
291
564
553
381
706
620
714
453
635
517
956
395
583
792
942
513
623
259
753
804
130
740
669
559
229
852
277
604
435
260
101
473
907
432
307
250
473
276
833
277
355
812
272
449
224
340
519
244
233
754
354
225
125
316
162
846
376
596
334
736
615
101
852
337
498
644
234
303
198
622
176
101
101
906
685
544
854
609
695
947
149
740
220
291
269
905
503
874
428
926
813
419
530
308
915
788
912
724
858
418
258
865
850
156
297
271
292
134
304
309
452
334
191
433
305
930
596
405
631
500
845
751
611
707
243
101
265
634
133
101
295
645
215
465
399
329
312
101
137
101
818
211
101
101
536
101
853
457
220
315
926
622
497
292
253
320
578
525
308
481
101
905
861
246
754
102
399
101
546
461
936
475
188
239
729
321
848
670
326
745
779
789
356
392
710
681
110
634
371
857
391
697
780
193
173
659
295
101
489
101
802
505
943
891
670
481
750
282
558
212
101
592
850
561
339
215
287
101
705
730
426
567
101
536
276
508
101
374
165
842
954
376
475
694
534
401
582
589
245
521
314
469
712
425
773
792
499
351
946
294
462
101
305
497
863
269
380
616
101
213
752
890
916
247
856
684
539
950
911
333
555
199
875
944
155
755
312
821
216
672
950
435
177
488
898
235
378
765
584
234
101
512
664
550
454
580
276
192
811
645
141
382
184
925
393
498
460
870
236
632
397
653
101
377
309
101
747
401
231
538
549
377
227
395
744
372
185
662
578
100
870
247
408
553
213
671
251
136
608
527
440
772
857
518
225
508
353
227
931
546
791
416
101
245
101
101
913
703
146
844
870
101
786
651
932
124
698
878
950
461
414
101
144
644
711
770
602
885
305
101
930
101
101
121
941
809
729
425
956
563
763
794
758
199
435
585
937
246
101
833
101
298
101
547
177
743
836
101
680
600
492
211
268
178
932
629
280
309
101
484
597
454
342
761
118
789
846
106
948
101
350
613
744
165
871
926
858
491
102
909
509
159
720
381
389
822
555
289
101
151
604
106
744
779
205
290
936
851
217
613
618
679
485
550
650
422
565
339
121
929
150
321
370
383
577
938
291
239
707
418
867
870
101
542
335
481
792
877
141
276
350
473
493
508
199
935
123
591
105
201
184
243
232
767
661
624
887
924
716
583
264
956
853
164
221
437
816
550
781
519
238
494
356
131
301
799
301
101
101
742
409
775
585
615
602
516
156
909
773
101
240
709
716
101
101
417
824
419
675
353
134
528
750
719
777
101
251
701
470
123
931
342
292
787
689
515
593
136
101
609
505
913
854
311
826
358
186
725
709
515
380
678
599
552
101
906
528
703
711
159
101
769
567
111
175
101
587
165
620
865
839
130
870
339
819
590
778
744
478
253
314
572
152
525
897
295
292
302
555
103
271
237
929
101
877
406
485
464
364
765
724
437
342
101
937
390
708
533
101
285
123
900
633
919
746
613
459
551
312
872
318
707
505
902
456
856
406
765
272
773
536
246
260
245
300
442
663
175
418
819
305
620
315
941
568
469
753
635
626
763
180
762
101
903
803
878
340
521
843
604
695
803
858
361
598
702
237
578
101
836
132
554
716
214
302
934
101
619
623
449
526
518
194
956
521
574
814
517
101
885
829
147
403
389
297
122
656
538
814
504
326
597
569
719
527
887
101
596
706
119
431
572
583
348
192
135
135
426
366
265
533
388
176
661
408
368
924
578
101
954
935
230
865
219
698
443
519
689
656
549
101
355
655
137
707
907
946
867
745
614
529
299
101
519
614
298
860
119
954
570
699
756
636
935
789
360
312
914
247
886
568
584
101
683
415
620
570
537
223
303
633
537
285
380
311
427
300
347
821
873
951
115
150
101
502
876
927
101
101
259
103
230
398
939
170
472
557
560
102
456
182
532
710
701
839
874
484
101
573
605
133
938
101
329
184
429
393
756
412
250
734
699
837
551
774
110
467
452
504
677
234
937
205
663
775
196
900
297
447
101
929
549
583
394
103
794
669
873
252
101
912
614
152
190
533
567
707
286
825
596
880
900
155
488
131
240
622
879
524
494
920
297
688
718
829
483
101
868
187
209
217
309
915
912
257
101
142
101
769
101
101
101
824
401
366
813
946
117
460
685
561
949
363
644
905
641
803
444
860
297
587
839
101
576
428
292
718
702
921
766
947
381
786
251
150
635
403
904
156
783
629
122
487
727
397
927
952
692
801
136
455
101
666
627
589
479
348
683
100
627
254
584
592
413
115
422
821
282
501
617
339
923
638
669
161
646
351
800
889
475
798
112
606
643
254
755
950
101
225
229
101
832
653
616
427
295
367
381
329
605
704
779
359
831
267
636
896
130
365
574
358
215
923
101
804
624
838
853
397
101
870
822
494
498
490
912
185
292
101
354
101
854
219
746
677
510
914
498
277
771
104
451
494
531
317
364
789
929
854
840
580
716
728
139
530
180
687
311
161
225
873
264
256
384
687
825
577
772
687
144
171
868
472
926
508
593
840
828
518
152
476
223
554
535
801
571
594
628
539
193
230
101
517
165
176
101
447
297
243
875
842
101
157
375
938
634
101
205
845
953
363
250
151
396
359
131
557
794
145
909
233
129
939
706
351
890
183
274
127
298
293
101
408
819
448
532
790
905
906
275
271
139
621
445
291
700
208
650
544
534
241
467
841
246
213
468
723
313
711
853
135
453
621
400
309
236
410
947
620
384
534
735
427
102
323
617
273
265
833
595
606
931
790
484
825
116
459
914
437
945
766
525
246
377
395
254
313
640
101
612
344
101
719
547
306
101
902
289
450
101
357
281
189
511
806
852
188
652
185
101
120
177
328
122
328
463
136
474
831
876
140
101
219
118
668
715
521
660
846
630
682
667
654
101
717
639
749
145
223
692
642
658
263
192
200
552
390
148
323
297
331
471
101
163
257
948
540
125
101
287
749
213
101
923
101
564
812
103
470
455
722
280
678
908
428
518
240
101
848
101
240
101
378
343
567
870
779
384
574
869
820
531
279
246
400
876
194
552
101
109
163
426
190
485
146
520
528
101
608
935
255
914
746
600
732
101
239
575
433
646
453
851
878
325
914
792
184
101
101
344
229
246
620
551
914
674
768
290
495
386
455
821
663
254
803
601
227
808
306
101
922
629
743
494
554
686
600
921
238
752
532
101
271
246
946
372
391
637
754
157
174
646
557
781
259
319
712
294
657
435
101
170
852
455
869
436
897
391
649
934
780
308
815
947
766
115
206
536
561
180
760
243
377
498
620
737
118
799
951
337
714
525
838
101
923
720
101
376
719
219
858
208
394
427
592
111
300
500
222
462
619
785
813
289
465
205
519
651
101
364
327
171
341
926
389
818
101
106
592
930
309
946
398
804
813
884
621
770
390
510
284
852
240
109
257
226
789
152
852
101
384
238
826
279
681
910
869
191
313
636
536
166
749
649
788
225
829
911
760
163
465
397
412
901
249
592
695
101
735
576
935
848
844
607
674
101
566
583
781
686
355
204
429
544
686
561
781
115
614
805
101
101
481
761
227
349
758
714
843
101
704
603
737
411
133
954
578
517
630
672
870
101
102
142
367
369
743
101
721
400
719
101
942
762
101
147
825
843
457
361
862
945
615
289
275
642
944
625
948
795
260
693
105
852
398
101
331
266
751
219
662
126
380
410
242
101
663
260
413
135
753
874
449
101
503
122
157
826
540
561
277
384
322
125
214
182
379
326
700
643
917
177
572
390
681
637
479
790
526
325
344
380
904
706
855
290
407
747
508
261
101
619
222
712
573
744
275
830
574
146
230
306
453
226
758
101
547
123
572
636
101
917
290
944
769
552
665
233
504
154
135
140
108
841
749
460
101
861
790
741
691
503
730
863
127
499
683
225
371
645
839
406
230
629
115
691
104
394
129
839
538
350
536
113
441
170
131
366
629
889
590
560
414
854
877
244
426
815
781
149
318
130
798
907
640
370
137
504
855
474
179
532
412
375
898
638
594
947
721
860
230
818
443
246
419
676
431
346
874
758
807
456
714
506
899
270
438
489
686
485
432
646
747
633
101
661
729
927
903
696
166
852
676
698
423
556
858
329
101
101
505
907
270
602
813
101
786
715
740
914
101
161
946
889
242
855
615
220
862
837
910
785
425
457
574
427
283
128
101
289
465
769
423
601
946
443
576
842
564
757
117
592
101
772
169
197
811
575
840
533
101
202
800
514
359
244
612
694
101
198
930
622
829
455
108
562
365
150
820
533
456
581
439
860
802
392
308
326
877
348
718
423
249
259
274
698
593
725
741
452
902
297
750
684
247
760
438
195
343
357
841
323
677
258
940
723
130
379
355
526
858
866
311
414
696
673
452
101
270
215
358
180
605
654
885
902
329
800
460
668
933
694
871
101
627
101
824
691
935
955
694
823
796
307
836
840
101
496
434
222
519
334
576
741
438
208
805
162
633
674
874
834
167
394
163
891
158
868
264
366
950
722
540
915
101
232
396
185
394
282
587
673
753
631
241
628
212
396
740
833
796
546
343
768
492
101
841
183
150
540
702
894
420
106
239
214
101
623
124
137
198
732
497
544
746
845
515
838
101
856
855
136
133
880
360
925
652
922
891
101
542
210
753
239
740
403
101
905
797
691
375
688
857
648
865
533
168
619
436
729
452
900
650
260
230
130
173
594
741
516
327
763
447
101
675
718
548
293
317
130
127
850
855
101
193
662
101
481
203
377
108
585
101
300
451
191
376
101
267
289
101
774
194
716
343
828
581
122
378
898
391
903
185
294
101
634
193
734
254
859
770
567
423
705
691
307
352
740
627
218
524
672
928
504
872
345
801
699
744
631
144
904
363
135
721
351
462
674
153
638
595
793
749
231
244
734
921
274
309
539
471
912
467
774
277
170
613
731
517
157
280
396
550
233
637
938
222
675
141
908
234
696
182
947
296
412
286
138
771
101
474
598
500
935
658
158
537
422
789
584
121
347
682
150
113
256
101
183
940
290
249
599
618
884
110
158
604
406
758
775
258
790
829
775
621
101
629
381
907
860
261
861
676
841
343
794
735
526
948
346
273
718
777
555
901
172
286
629
205
712
162
429
924
382
129
160
335
152
745
216
128
872
165
358
550
394
408
299
568
371
832
299
883
101
212
770
638
722
164
408
743
669
797
470
194
279
627
488
187
424
594
353
381
716
598
789
850
705
677
101
101
728
909
223
688
400
101
160
121
284
638
884
101
943
618
779
766
488
101
510
658
109
392
929
320
101
311
101
907
239
369
519
753
640
290
261
668
305
337
223
461
561
611
661
179
701
129
462
810
358
608
790
375
828
755
225
358
358
335
638
474
298
101
377
837
475
872
338
868
940
879
605
209
101
274
740
114
564
255
645
126
518
298
395
101
159
869
101
786
323
436
412
299
229
101
196
801
745
387
208
342
101
101
448
520
196
916
702
508
240
443
101
101
429
641
299
451
196
578
285
120
518
429
657
157
262
158
337
303
227
477
658
101
314
227
899
387
350
340
659
506
101
702
352
819
784
413
536
843
613
860
101
162
129
798
186
811
877
251
194
722
803
203
319
723
891
471
442
421
799
533
666
266
152
168
833
103
597
862
370
428
294
832
333
181
334
767
903
662
553
480
408
558
489
881
108
243
800
641
640
394
142
771
368
101
313
524
766
101
101
944
532
248
107
537
607
586
518
309
622
942
229
591
689
318
586
101
499
535
299
104
101
708
438
202
719
396
724
407
328
854
887
199
153
101
367
262
282
350
275
533
922
101
585
469
647
227
104
508
880
103
801
417
618
401
530
665
393
830
589
217
211
637
361
932
392
900
375
101
633
214
711
604
428
144
489
903
849
948
592
101
101
948
368
823
774
925
702
480
740
459
885
683
486
709
469
446
901
577
101
590
769
574
431
441
355
101
298
875
410
834
102
101
714
883
537
463
647
921
173
510
812
789
841
737
619
489
587
162
220
370
842
101
244
527
101
873
101
587
760
641
366
811
334
387
177
866
429
817
433
454
365
263
930
399
198
241
649
218
571
165
100
956
439
417
101
845
659
329
476
519
305
411
803
241
139
101
902
551
338
101
174
877
101
711
943
945
774
175
741
176
395
463
817
373
617
953
218
702
166
101
683
594
888
187
101
415
343
917
794
539
924
525
637
280
156
861
565
456
858
275
101
132
929
615
402
552
545
223
220
193
726
468
164
101
187
758
669
884
495
430
425
232
792
869
736
288
101
111
869
728
945
608
450
868
332
532
593
204
490
549
802
296
157
126
665
107
685
302
657
637
454
503
308
553
773
231
727
127
133
828
459
154
435
601
286
396
852
571
101
887
201
894
290
299
456
101
219
840
483
465
893
441
369
724
255
415
113
101
101
181
649
101
201
658
134
149
428
569
127
938
796
356
302
104
464
101
772
657
300
600
101
654
578
786
881
210
803
820
294
448
267
223
748
101
789
101
342
101
349
101
296
405
918
939
213
395
623
779
798
492
266
865
101
874
386
101
794
589
265
871
760
649
223
657
636
223
531
411
112
723
920
507
690
795
571
579
934
888
203
118
686
379
353
367
134
189
289
368
511
900
325
485
424
435
578
288
217
101
782
791
432
468
101
887
930
612
729
747
653
624
705
952
272
888
283
519
900
946
386
595
164
116
764
563
332
101
555
802
741
688
493
577
238
120
490
422
555
914
341
720
761
894
455
583
380
206
865
907
528
290
111
850
746
831
897
620
101
429
720
371
217
787
248
116
101
768
529
806
733
331
200
407
101
386
688
678
661
535
291
560
808
411
448
633
846
220
320
339
101
566
399
450
147
609
101
728
373
691
331
332
650
477
562
638
411
758
774
761
432
855
830
369
509
518
832
944
101
660
797
437
956
168
875
766
478
943
182
307
106
855
409
283
611
501
844
905
305
394
143
266
682
101
955
202
101
147
897
143
101
235
101
101
212
373
495
100
325
371
253
257
107
479
246
443
740
191
485
113
143
438
442
812
742
453
654
860
949
846
615
225
812
115
715
899
221
193
177
101
781
158
598
631
292
223
856
397
843
535
956
333
101
869
524
396
756
101
492
725
638
701
659
369
290
148
653
388
470
577
835
825
555
134
928
134
748
101
178
138
499
812
607
614
912
514
922
755
670
461
910
101
778
179
227
893
683
227
660
932
879
372
101
657
171
352
215
101
300
174
726
896
303
543
845
276
729
101
221
172
379
441
828
761
765
818
644
101
920
101
909
807
763
850
352
488
843
202
501
101
843
175
820
665
577
745
510
583
815
713
920
380
110
497
176
257
821
434
874
285
598
923
569
118
800
278
412
250
809
539
758
805
820
486
851
114
299
789
670
175
857
206
717
746
110
824
809
838
662
593
657
877
412
483
391
503
610
759
301
128
221
477
233
193
948
198
521
427
897
121
386
902
785
285
685
101
559
567
258
194
254
437
183
101
101
484
911
454
260
489
766
175
713
908
170
101
925
719
948
431
101
209
117
942
101
439
721
597
799
101
503
512
808
917
921
946
101
102
875
106
157
136
235
174
584
835
217
199
101
417
517
444
797
247
723
178
111
230
776
822
635
512
331
273
439
928
205
453
106
540
524
718
241
187
322
640
376
422
614
867
101
585
223
792
761
493
858
248
168
930
474
101
950
243
882
136
247
157
845
202
444
615
490
682
333
384
472
362
367
573
909
956
450
536
913
567
102
284
137
210
283
898
807
235
847
382
314
748
447
307
629
411
675
901
915
101
723
312
233
651
139
891
760
101
101
332
759
313
682
909
686
759
516
457
509
389
571
633
735
769
429
101
548
366
667
712
806
872
207
224
841
567
233
642
101
796
280
101
367
315
192
393
602
349
508
513
101
101
101
818
557
687
903
565
307
101
756
854
397
797
831
236
549
702
332
878
101
223
578
188
716
101
335
527
591
801
175
487
403
740
388
801
101
390
727
680
542
218
335
140
101
505
843
696
373
721
448
315
609
101
348
475
396
639
446
266
660
187
636
177
886
403
169
647
593
661
432
254
640
718
376
463
247
710
826
913
819
834
497
694
429
316
334
739
492
134
584
447
747
749
755
926
314
101
144
101
586
289
438
552
493
138
630
101
131
513
813
912
680
723
101
344
412
900
474
174
433
135
239
424
651
397
375
544
937
680
881
101
676
805
423
418
634
183
754
951
682
577
404
631
705
552
455
929
101
239
779
529
557
612
101
474
193
164
101
494
661
775
591
725
101
352
772
101
750
164
756
713
886
101
101
281
101
356
929
555
956
939
577
280
282
510
933
743
543
793
359
346
301
361
597
869
533
735
556
342
283
951
736
442
548
275
687
937
583
588
452
101
898
737
780
138
203
433
778
418
213
481
744
803
879
101
859
868
201
828
373
707
178
838
860
748
573
187
893
734
706
123
104
231
672
364
821
451
728
939
476
830
544
248
449
469
232
778
353
639
900
385
789
700
249
888
646
819
698
564
667
540
301
101
376
326
587
535
450
706
935
135
122
470
319
299
832
257
954
377
455
467
661
387
101
122
464
336
322
494
236
891
875
623
738
233
508
329
147
101
837
166
445
760
942
400
782
303
794
627
101
409
240
237
426
842
584
236
622
543
578
697
899
230
129
308
716
899
833
806
692
882
359
609
595
839
101
655
711
842
712
901
179
620
326
745
804
663
344
600
251
863
680
425
601
172
226
653
610
520
729
164
883
766
788
954
297
309
352
574
101
456
134
666
585
337
481
618
905
563
897
759
597
286
541
423
442
616
718
873
593
585
506
470
738
836
763
459
449
457
952
281
104
325
322
475
537
101
235
865
178
616
350
308
366
239
220
625
829
394
189
550
816
351
743
555
351
762
594
292
253
833
221
557
160
854
563
938
101
464
645
406
485
838
625
124
939
219
603
602
595
918
535
226
918
165
935
451
688
877
819
708
243
101
646
162
101
340
250
187
830
838
748
160
101
143
113
119
732
134
596
236
101
798
383
368
674
393
218
502
923
783
101
310
913
704
150
789
915
350
278
827
249
351
716
892
751
153
450
930
880
101
112
626
587
869
755
575
881
575
180
715
620
101
577
168
659
196
280
225
861
221
101
466
101
606
613
357
444
920
564
289
101
438
504
608
759
198
800
860
780
672
500
337
306
101
931
764
417
884
746
544
797
123
194
101
791
101
319
864
851
575
208
722
586
145
613
894
101
651
223
390
326
681
368
436
416
490
207
101
221
598
670
806
483
654
160
408
832
668
597
404
481
761
942
832
101
101
444
128
140
589
101
158
843
492
138
248
475
818
447
335
603
209
101
158
311
810
395
879
493
101
706
678
887
270
883
688
831
101
446
418
632
814
221
333
364
894
438
218
362
882
134
854
532
303
620
251
535
819
340
935
666
390
857
541
182
937
778
101
797
709
101
147
882
587
373
621
292
193
579
658
876
945
848
710
211
857
237
477
747
575
270
200
830
177
283
787
664
815
130
492
834
851
437
896
888
333
915
854
280
307
908
627
835
101
267
457
400
233
761
845
500
154
603
539
101
805
162
834
937
534
101
437
818
929
320
723
666
893
822
886
730
143
756
750
885
222
217
477
121
858
203
461
166
567
517
101
101
560
299
267
301
634
739
493
715
850
343
614
755
223
577
721
911
308
322
712
134
608
136
477
149
360
927
860
173
112
501
285
244
828
661
617
588
101
225
776
956
101
501
101
183
505
672
871
101
648
939
690
418
321
101
131
253
484
490
331
478
213
505
632
285
515
369
889
837
464
610
275
251
461
852
372
221
681
346
170
632
795
944
232
633
484
891
885
374
540
293
481
263
383
181
486
205
866
626
725
518
472
758
165
121
653
574
532
956
331
242
298
536
944
105
154
533
101
689
594
178
311
579
101
650
828
271
613
695
354
468
101
216
491
291
868
407
123
943
156
881
101
682
354
587
101
578
101
145
298
819
414
699
430
298
333
230
649
532
157
877
883
152
166
699
241
105
272
562
315
225
529
407
331
166
920
954
101
700
558
339
922
716
822
651
209
898
865
101
904
666
356
917
365
149
643
362
265
356
507
246
237
815
446
101
383
580
945
668
392
109
571
849
469
117
647
384
322
167
930
737
502
553
159
260
313
368
197
306
885
522
152
156
648
892
589
781
349
611
421
126
293
468
802
381
389
624
952
513
177
193
572
178
650
722
402
709
725
537
765
395
464
618
549
310
158
174
735
692
683
491
509
127
310
878
443
648
206
106
832
781
135
748
279
562
284
272
809
489
748
813
101
171
375
802
322
411
798
356
895
507
956
498
195
216
926
914
425
467
283
271
828
101
262
300
851
247
101
576
934
570
490
777
135
929
953
276
303
450
883
232
833
784
716
616
583
956
309
198
456
252
202
606
114
394
249
101
725
903
101
892
398
114
302
505
211
614
452
124
365
601
121
290
746
356
587
421
167
882
636
101
905
278
152
861
378
817
467
734
927
101
644
682
296
491
279
952
226
101
704
833
182
436
338
151
318
543
821
128
502
166
780
748
307
101
692
101
687
106
499
733
101
433
507
309
195
259
925
858
687
204
101
101
229
217
874
849
786
344
101
941
101
805
322
867
485
900
898
460
913
405
665
687
768
323
781
114
925
566
342
374
101
451
478
693
226
562
693
885
760
183
923
101
544
573
102
547
810
888
443
392
762
101
101
175
339
535
884
656
197
601
912
278
720
101
849
929
602
507
724
819
600
342
735
881
877
149
217
375
101
805
101
618
881
738
515
101
534
704
194
403
474
675
471
510
296
677
891
853
479
405
875
704
548
541
444
815
463
305
108
492
568
635
370
500
502
419
256
699
617
360
887
127
431
909
373
782
874
767
530
282
516
452
101
530
943
684
536
244
291
244
724
854
101
160
101
101
864
211
298
721
956
253
819
138
512
160
837
496
809
469
479
425
439
353
179
884
816
905
101
184
786
805
444
808
101
681
670
279
542
736
536
511
339
202
